0.657771139564523,0.173413892673436,0.360057284667521,0.294749194929317,0.0705935780985316,0.631375615125269,0.52948537342515,0.98406948321133
0.39262522456869,0.994071714546679,0.639369290557803,0.801044904077734,0.708422392462022,0.625380625756863,0.396117602592859,0.759163357310468
0.87709421535387,0.779274120374395,0.384844092644814,0.235333144528449,0.441982665076561,0.900562083870636,0.313204441945532,0.885907511889064
0.19231252817569,0.409637648670168,0.733676001305771,0.584212951773024,0.171498912834751,0.978625522848191,0.809232083874871,0.660760924202402
0.113614147310817,0.210814751539297,0.712561686774412,0.329277934088142,0.281813587173522,0.580893400141473,0.122473814650422,0.82707377318043
0.148661836387317,0.395023655400878,0.353951982059617,0.698912109458658,0.262430776523146,0.308241777854712,0.565681372828236,0.227547147729734
0.33492502169193,0.429507573534772,0.759314733422153,0.727630935530105,0.2779679617598,0.891870721365741,0.872303235504877,0.802090786855083
0.805020636652354,0.0541145274433302,0.279030789125219,0.596070683443784,0.946330669745029,0.960217394067405,0.379330067558305,0.274789797763913
0.637394158089247,0.799028335889823,0.196032968310949,0.724284345892037,0.389861655849427,0.770749309778823,0.364733252315514,0.732349161200951
0.254106963242879,0.0721743442414897,0.0369363707609308,0.911577128311203,0.395619847586034,0.925879131117474,0.983937537563966,0.403699308014068
0.691849294792453,0.891735637577523,0.412723916118025,0.516966106751473,0.421845714808976,0.704036629898844,0.318740037861305,0.00881104615059286
0.739323722872428,0.869382222245108,0.721296443819771,0.263897729268491,0.306498365639759,0.94020977010637,0.234443481776564,0.170487865109109
0.550965572847367,0.103167896235266,0.69803369674117,0.715171806177376,0.851708074785369,0.127393865620587,0.95711977587466,0.189753507583249
0.156002001960689,0.0511892478372166,0.497739452446984,0.829328919175463,0.523219698111856,0.536913605787249,0.703782686713921,0.464023950048164
0.257677564708914,0.434068081588021,0.143451668479849,0.973305383522413,0.517081788373269,0.479303768459729,0.423833125303275,0.375862898885175
0.209657470566591,0.883628589761281,0.662540432046129,0.883901593987774,0.0776019642220509,0.449269676731322,0.418750355105837,0.21360202811207
0.761682615257522,0.558486806512184,0.265082994377001,0.405537764621375,0.347352663359372,0.772973762351187,0.521371771199527,0.129542703967475
0.97344541438903,0.976105155930094,0.380305911331466,0.087577084221666,0.332083418312326,0.504396641312867,0.346301080887389,0.67336548684005
0.374538534021356,0.5508626059574,0.970025512748903,0.615591185633097,0.819684052694981,0.149046734775143,0.977838821150472,0.648981597095262
0.880670223741146,0.29184160218738,0.000252571185418641,0.688596073153368,0.294568062862595,0.698018926816664,0.910480774678836,0.241228319293496
0.165679507114053,0.791876890664775,0.437191718608281,0.269636585361567,0.331530118907643,0.827253764357429,0.536612852572126,0.348094502956156
0.80394280212932,0.468740248823645,0.755381696801852,0.663342337704079,0.746377643876224,0.654305872487484,0.106592273133463,0.725335768597868
0.294145081536602,0.615599692291761,0.350822060931339,0.787491301102238,0.584431496825525,0.429931932634523,0.599675799982542,0.0806706843788343
0.044511053286419,0.190495940686014,0.00239685253041163,0.672962421881776,0.0965142926469823,0.224446751418223,0.387344619677756,0.818387764195711
0.204794088371104,0.0333433626920137,0.874782681780934,0.67486069872236,0.690514881755801,0.60333498872942,0.624495789115116,0.39584461520063
0.655280744174747,0.0810805793421028,0.894269530064585,0.297516100537383,0.34182727653271,0.285479458209936,0.0457686769031204,0.307842139190861
0.652753546798962,0.59508076922956,0.0761055120563217,0.795689061609623,0.257391366983834,0.844701255374274,0.738265003164727,0.85788445790145
0.58319228178379,0.623331267831674,0.727352396893688,0.298288362231339,0.237084260458769,0.300067499963513,0.806894863826889,0.555257970696962
0.126702851042926,0.41061352955151,0.0140661683495179,0.961453800463409,0.830911445171849,0.570831646667389,0.85225699127689,0.350744064722294
0.678878040431666,0.682745697531599,0.0789600049149242,0.44092577436884,0.543150100559624,0.912266341815683,0.920049776589653,0.508333546804488
0.0216092629023423,0.199767140328678,0.288534073576921,0.478718731112153,0.227550503770612,0.0549561991540753,0.722762742703115,0.321232843444745
0.117834967838228,0.0598859714341675,0.65670706399244,0.360265951538381,0.259287240883169,0.709175599238618,0.931449234115809,0.48497860038903
0.948544599131522,0.225136755768699,0.332628125084581,0.278055462269015,0.897824314261443,0.738920043609996,0.893975510370738,0.451450849192508
0.270957107507721,0.148135603092625,0.0392583776009918,0.952857603907719,0.469159223219,0.957426316861791,0.67808924173854,0.791212270791369
0.952966555846292,0.705786446123904,0.648581986310929,0.31846942243575,0.759891001031699,0.962639634512315,0.416609962384155,0.530411524189549
0.521948802932591,0.999956884706008,0.55889949662312,0.258582008744049,0.908003199963096,0.837186075392512,0.561697213945246,0.42579946356547
0.457070635616543,0.398636762061681,0.183093761959114,0.0560679856813619,0.651620407105145,0.873730542025551,0.0307310243378924,0.247690363236844
0.265003501241184,0.0125309333793938,0.532590525603321,0.30274299806719,0.45146202077839,0.160836126826711,0.119591285366146,0.221893919410319
0.869504464066577,0.61951480688434,0.946555235728623,0.134906183078558,0.391782048602392,0.299752487271391,0.594127889527206,0.801116725365327
0.400322749434117,0.162236645820302,0.95362408101064,0.760876389641138,0.452099065530788,0.802116152931107,0.997545120612766,0.952029197494193
0.0981358166826272,0.566812575659398,0.0922186862880087,0.261598107850982,0.546685077659202,0.0313540060325378,0.371697797599351,0.267802820059761
0.338026617854336,0.514823095908706,0.761523055050988,0.830650883983072,0.780246206094044,0.0365579841963779,0.942027078987725,0.844365224401013
0.756683585481522,0.333171478354213,0.44568281999137,0.769632645841155,0.470175552319763,0.994339280907676,0.50007570079988,0.010743202492767
0.815510139619525,0.703843291125718,0.401923538071805,0.254715359436506,0.205942192580617,0.187874814497587,0.474279110313033,0.131020169477576
0.0590195380599637,0.340545170767451,0.912776804862167,0.719124675091324,0.447085461513243,0.693525577537238,0.971135515643539,0.847074163892046
0.306729811228875,0.522291681998885,0.53514708950254,0.116656793955353,0.037150065607971,0.442786449381146,0.661041299401357,0.314922710500324
0.80988582691015,0.459312529614355,0.226224484586232,0.736320040954567,0.0290249376667675,0.234341193087647,0.876370345074141,0.537271552775627
0.531827334095145,0.00625252162639352,0.296884193315076,0.668418373995885,0.574183761029648,0.266623656121692,0.34915947242164,0.798633972762658
0.713615366332826,0.118355651189742,0.295273056758049,0.888468103178679,0.208194614705957,0.937905070042333,0.571987596804221,0.0161313117458059
0.42352016791615,0.685615980200961,0.0992535531137499,0.37890301782266,0.590741513236888,0.876631719808261,0.651830706724196,0.317018883324154
0.246458716301406,0.404677793066047,0.390926580895546,0.171978039163677,0.10426938567194,0.0882038328251146,0.85109354012906,0.4488435570758
0.145998011367292,0.207830015432278,0.703875736925307,0.190381354731342,0.234665420034801,0.121884397333613,0.446074613582421,0.00541223789593946
0.281900470493926,0.104715086438147,0.42479266476757,0.466371515449097,0.811297418946957,0.703805043595236,0.0394124599088579,0.458700100126273
0.286368014047695,0.430875164737212,0.247778527848885,0.342697950374536,0.923551636118538,0.395204028556794,0.825334070755897,0.544211633012096
0.425729524318027,0.272177712189447,0.541632412081176,0.325892309982845,0.117657964582042,0.524211385296524,0.814558747627409,0.260419252717305
0.0313599201388563,0.626346607884243,0.0649845722321899,0.121113013209709,0.181991904201521,0.00265879458305197,0.71771247927932,0.561977245579322
0.43359000667856,0.0692850293847954,0.10899221852511,0.547403071865017,0.933022596417142,0.808351127672212,0.968487383638764,0.616730039432185
0.0536447014459013,0.0664711952547325,0.389183336138904,0.049135063231411,0.895038735190031,0.0122629177525927,0.406349806504277,0.367877228943717
0.929633643912802,0.784531578927353,0.954734849383515,0.548008955923657,0.99544527607914,0.714739200777943,0.128653519211728,0.0671767521247985
0.938084586063638,0.729839382776143,0.0844829774701306,0.0440851381390979,0.648466043239436,0.904855057145391,0.687576663596133,0.726131327766886
0.578879542960048,0.386982859107066,0.902713271849496,0.388751256697472,0.682489183740071,0.969083988431895,0.926006143676692,0.693929028415822
0.748452637334454,0.985390385156327,0.514515623847904,0.607290167339089,0.94140042793924,0.201115171272827,0.166256166208647,0.360441449464274
0.298308528422196,0.596804649564345,0.259268266629878,0.936125689725552,0.669032743413737,0.351828789607375,0.558386803801714,0.748608646524053
0.105044621706181,0.364989014688374,0.307204349740503,0.0297231519708628,0.433201545657829,0.585941629906927,0.495004837832965,0.701999551582301
0.875951205375637,0.751661954722941,0.586855165137964,0.315453649583359,0.573242677494336,0.838385603957073,0.290942660556964,0.581025096389036
0.369350309743088,0.706380846807959,0.155821448751343,0.681462494501966,0.664984108108261,0.888650976614117,0.841548180558656,0.325509472785776
0.639580399891378,0.500695179212042,0.122337840556159,0.332660657844054,0.11446463998959,0.155442489497171,0.444954386173484,0.546799287026267
0.378266708370076,0.100926891873254,0.117870866352896,0.349854552089505,0.767226330828269,0.55761416745028,0.05954848159976,0.222726297095439
0.171260931607181,0.0982191800710383,0.030819868515577,0.793665770141595,0.436714829199305,0.027212336126545,0.151354721444972,0.16062264111911
0.605352893807368,0.18789076600659,0.0608967196400009,0.236954365078102,0.637386479212115,0.610735221320089,0.551568199859282,0.513272253165796
0.0849032567986384,0.691418009557753,0.764182181248329,0.0795852511859701,0.901174874270408,0.897547701199686,0.303043726063378,0.310707512344192
0.94357936783607,0.674855099256364,0.695569407944283,0.938669260699849,0.643757563894627,0.473920324078323,0.471003198586724,0.588831018300634
0.613793225433477,0.836997275351572,0.897412150765739,0.0700934215541812,0.0025640082892047,0.229821763813368,0.822332967983481,0.47598528234418
0.285455120094119,0.604542140942318,0.194276859441554,0.0731732365524305,0.292954381360634,0.173353167240478,0.861307932430837,0.551791266749187
0.507222840729894,0.777055943089896,0.324191646214508,0.565906602811567,0.509226808146898,0.878786053748729,0.603912616807011,0.13231147465477
0.686589557389192,0.616143345172086,0.239848143733628,0.977074006394546,0.598993240292865,0.923143828084807,0.810391409305846,0.467698559088748
0.777140900464315,0.106088353204697,0.00626590207053074,0.0543826162166125,0.489858036599902,0.182202784898417,0.368638007829118,0.413772674348195
0.526812237968118,0.21865900134039,0.11015545123305,0.482071084537293,0.0228079570749844,0.950950557558454,0.0283522282339073,0.454960759099528
0.0933761249535593,0.288974352092382,0.626205785747198,0.797744180168454,0.492728767706321,0.548339044025456,0.879734912114875,0.677167004467796
0.650544577822534,0.286396324158944,0.378657554704634,0.827184133860618,0.0173188438205449,0.856964982000915,0.355889275526827,0.262623821594078
0.305311368320222,0.915554367609938,0.855239825467976,0.192777018716782,0.777543737387085,0.975207411371559,0.408320963079019,0.250576677934043
0.950052703351984,0.0402306813928754,0.489562663111979,0.435657664133696,0.697268340519199,0.991587216259214,0.800421607786418,0.116073284120674
0.553174171239458,0.686563583470328,0.163251058574581,0.908638847000033,0.427925928045059,0.336557067539987,0.962021754748971,0.541186020003818
0.141040817401179,0.48034858173166,0.338832565787625,0.407003882897779,0.721641084836316,0.545269387103524,0.125943233464037,0.534940307889799
0.904715859169143,0.497777768948144,0.575510312200132,0.611152017815276,0.563763302722313,0.672891081759897,0.70048805841214,0.0745846153332411
0.064456727527259,0.448874444999575,0.90012930858086,0.326025798035359,0.314614318995995,0.142721191200923,0.0696699807657332,0.326224358128303
0.317480694172741,0.826251469995664,0.735161279388595,0.277116863721589,0.356551699007235,0.0784925251925866,0.453386024743146,0.186004144950477
0.245635277316148,0.462365628213185,0.692698997280246,0.364425584404908,0.169999399033615,0.213097851320569,0.961272127864612,0.859146352981777
0.864043915275731,0.717861777414627,0.147908877932318,0.654908402987963,0.358668281459313,0.125958446090946,0.63314747585925,0.353326038916193
0.87240081384089,0.406906503333349,0.773304572264859,0.470280507572606,0.848100294125172,0.74960688723906,0.0501761324448953,0.519641823686301
0.859347846602582,0.108025588147844,0.577411465928336,0.682190096477297,0.0426720476583219,0.0174808349115581,0.266473950828526,0.341244390216821
0.251333958768789,0.3964219515963,0.989383685250949,0.504428451258888,0.967951022502712,0.632967361388039,0.744676858871495,0.890570996267745
0.377587290795685,0.50552724949209,0.00978712159614879,0.394237637520098,0.0158995410741328,0.983502685649053,0.966309311373345,0.100757372189973
0.510638067275126,0.689219776752386,0.822283177824891,0.383803502023234,0.445154806322347,0.600725709945684,0.341875798506619,0.843400390933861
0.559606813639361,0.0357442318502628,0.153947188491116,0.957548488392084,0.373711353290089,0.51461334301569,0.439986600474905,0.288631978008179
0.48944541298026,0.217790567309203,0.943738377618354,0.168700339295539,0.641334964542953,0.144478726236742,0.721865401712937,0.259480536322053
0.822728111518111,0.815336670692665,0.362398617252166,0.501056574442105,0.529444266759895,0.685477889284028,0.00584055542208406,0.347912500011459
0.219796034855434,0.460509557125846,0.585166739738922,0.966596690189207,0.890060852347943,0.743609293511309,0.458214423785101,0.167558581060898
0.135838632467801,0.379175504325716,0.0700872402833038,0.931703914761357,0.551468360066114,0.592319665980715,0.637401217498448,0.812772706311881
0.0325145847738831,0.424285768703101,0.79094448319604,0.0255982160583392,0.659192269180811,0.615574466572973,0.92576615611072,0.043482543415176
0.765330118965222,0.532818259788592,0.286021470674123,0.0312463249457838,0.467463542860505,0.0185591766908555,0.611701582612078,0.71932407151331
0.778767500248471,0.464643648706376,0.0320878839494406,0.463334819158878,0.616439266059113,0.780804570125884,0.778480601429556,0.741075713489422
0.631049635225475,0.182929791365935,0.812850658416361,0.0653048676147571,0.196579239806976,0.695699610172987,0.431185834558068,0.039360343977909
0.680501175849461,0.835815382922882,0.767353747973669,0.860775460902743,0.430484759796984,0.00685398970434542,0.900744422218394,0.795265048117136
0.0387465838048873,0.549217833007135,0.144167723154845,0.818987750419865,0.0995307330487975,0.669196636644575,0.683847810323884,0.0711698052792204
0.925398884625129,0.377105601834555,0.12633328786334,0.503489255967738,0.961145537019365,0.12932113903167,0.608583650511774,0.0200751902314466
0.596140024979673,0.0878825840529295,0.359460500154197,0.678014077293693,0.363690563918775,0.676901297646193,0.0362058147887713,0.900812722997888
0.137020288056946,0.38056615503079,0.406181789297393,0.256932610838536,0.845964426253019,0.302288208450794,0.659493454779766,0.723103497170593
0.743778665770021,0.0574030005477627,0.274448198636478,0.70337423688982,0.986879647330789,0.661092500920099,0.412199271249327,0.073453120159845
0.608367166834645,0.178008146523741,0.0351620253234143,0.267191526025474,0.299202530924301,0.629290768782731,0.217677515538278,0.570487117218612
0.580189474638831,0.949830848183631,0.398354570935563,0.866421983187269,0.815641896628307,0.831171133560945,0.488203347761132,0.371199423890281
0.518735300909255,0.797969580430015,0.549229284767266,0.461957344507017,0.0444296288176037,0.895356589016696,0.724620538265103,0.769274328681737
0.819319819122086,0.11360064001621,0.300937419807118,0.905760255583601,0.865380734798186,0.752183932392522,0.276062681063821,0.837170316368767
0.352904141165063,0.966385665671292,0.0219110783245286,0.919423341185025,0.334946456026964,0.566100354803526,0.733183548027251,0.854916066450641
0.883836011461704,0.593059626214012,0.290017409516092,0.894195790986959,0.291379891965527,0.730589745806559,0.964153695442378,0.462531226650903
0.315302610457974,0.661374970572322,0.605049040234642,0.554985996768281,0.904247465741862,0.561814576368563,0.473344748554876,0.446041854595437
0.670150384183375,0.229428321592144,0.244143047057921,0.642178431834724,0.475831874984991,0.38038174582207,0.287892132241644,0.612518748370273
0.00630803866446902,0.938039489541848,0.184637045766071,0.131460405443586,0.25104372582237,0.15745818069452,0.818733942125432,0.914046365218781
0.345609287605144,0.518483408495234,0.775089847269598,0.026331884265769,0.945765303844828,0.194626363843766,0.44160748383853,0.767716414426781
0.474379254549643,0.00573912183651625,0.835815077437146,0.524757274390602,0.762577964834164,0.110173275223495,0.639948098866831,0.871568729217774
0.297451237841479,0.970745588787343,0.636040299218006,0.420828006211759,0.102906067291977,0.177812551740797,0.180838717185074,0.178462445426664
0.744717389341458,0.871085124367247,0.231418292881291,0.99475646683423,0.996102184423325,0.0574060717511129,0.250980132681201,0.888122761962058
0.130889647118802,0.636647399687006,0.563363674093777,0.999281169223636,0.120648362346358,0.898459765366506,0.91872717264755,0.416338090776248
0.848867826597499,0.0765856257447927,0.958808766323346,0.30505009598262,0.477446117260844,0.762962053967038,0.140368780558121,0.625528866882514
0.770284646794776,0.631652755136306,0.340181658250054,0.541372085282902,0.107068357447433,0.108765792213583,0.298416567415945,0.104899028841207
0.667798297350704,0.0529907349051288,0.141274312859729,0.83986707320271,0.0826745931599117,0.175761640180821,0.247164897195367,0.848758513500367
0.398248375275032,0.274936236622456,0.717447185855632,0.599513959066051,0.53075690217814,0.368878908163018,0.269441727297818,0.918076779384329
0.866540987194358,0.61092768219594,0.928999997746033,0.544788314107743,0.925806800372774,0.754087051655322,0.014684691521411,0.15808813417202
0.195114076688394,0.0191684998173973,0.3829112252114,0.0371359855816294,0.0585178591533056,0.342545147814617,0.102955744359425,0.15159480510542
0.229585965350937,0.146888099404677,0.124008403852523,0.0211297327409391,0.878291054072208,0.254153352095014,0.671918277648498,0.713414914815778
0.965689232878088,0.714648764259146,0.164580027195639,0.701810014498069,0.448645821146582,0.0958933706786316,0.73664551852205,0.52885288242928
0.452541555294289,0.516976914855286,0.866462677535064,0.855881169072456,0.338583005496833,0.818549342435618,0.999454292391255,0.118990818310831
0.593403132066196,0.180870165145044,0.498585142638885,0.862253691150083,0.779806607634217,0.52983556418085,0.897269942901629,0.839918699667361
0.732870057837466,0.911811571835538,0.20455971692969,0.767667376940231,0.949228270632543,0.618552522490341,0.034385358049321,0.517557734625791
0.682889177419902,0.197059759565405,0.256577834950669,0.241716864681435,0.621891543738415,0.0479079738062623,0.740099274368894,0.797419128890496
0.462574638484447,0.347663963988974,0.678291089563112,0.570689756550847,0.982420881000479,0.406829073911668,0.0952249940355187,0.0519220382597881
0.606026252289918,0.14455790855481,0.757412032820559,0.551828528136253,0.465628545264458,0.855397626402832,0.844048488885553,0.236720528851277
0.175030772612524,0.370035699345048,0.494313649124752,0.640450138328233,0.911314092258422,0.365170771542167,0.0638010225648919,0.853289721900783
0.62850734750154,0.722162162685787,0.926048518505088,0.536952965749848,0.503839359742086,0.386082792106225,0.676154723162576,0.614881062753265
0.2669338348436,0.0231873189228566,0.600675318956572,0.317515557378966,0.770362691965436,0.243603060561702,0.685992431165096,0.697577013461463
0.528017764523809,0.530507030474591,0.23317805029626,0.0417434654694712,0.869678317346827,0.207012018663071,0.742363137885312,0.0960768772462797
0.57775454714463,0.205122075997492,0.815656033929246,0.0517569419782076,0.77443901462393,0.893821120973696,0.506252555251717,0.926869983394422
0.706096787477552,0.908303154223179,0.179094711528345,0.531909036169716,0.736059781923287,0.0283183808493934,0.112442733572737,0.786720851785763
0.337735284606487,0.499109189519565,0.922187475570548,0.0664193618073476,0.88724766462291,0.758711098483429,0.830188489335025,0.647985686128391
0.987758100324097,0.140567620360795,0.770957990644357,0.877843582903572,0.030392549811598,0.261984845032139,0.849295021064238,0.0570062732810282
0.324172605464644,0.818686231548132,0.91829091256445,0.339076708020563,0.991701533096044,0.622083807340154,0.664261535011806,0.821362987200454
0.180103217664302,0.739865400077328,0.235350369510259,0.442293354833882,0.876238117964353,0.799552025620892,0.334776758620095,0.998657296344142
0.774671197643121,0.33477285714616,0.450273497459563,0.00269314075202818,0.619008749457943,0.955540437195392,0.534000895454161,0.169752183535112
0.0468785620296459,0.609527682493521,0.634956994097524,0.426396565545103,0.655688463070165,0.220443839009137,0.145445001432369,0.923973061641276
0.773685530129758,0.600934370161369,0.996171119014805,0.720029814332701,0.95463912541474,0.392015408898114,0.415411194360941,0.586936027141991
0.85660671681709,0.599634628872071,0.0474424650829345,0.448584509729025,0.40676856004453,0.0229063060800666,0.628266224973522,0.235139326294095
0.115175513747354,0.582031961192432,0.298147536819064,0.227255066252624,0.920786369470417,0.459794856793014,0.905335956717228,0.674636127944748
0.186831677152969,0.0206157237234414,0.168278026311818,0.884591459308828,0.99245784711027,0.647887681615265,0.0535814557782151,0.694038585590856
0.0180229434499448,0.391419106560727,0.921372286601009,0.850390360834114,0.411453207112592,0.657547083316141,0.727075249539451,0.959325550908005
0.293964825202302,0.942659008343386,0.115750081811263,0.323823086897782,0.242049694756707,0.509380913407074,0.760817374941011,0.0292337514640711
0.0107563906157798,0.648851902457164,0.0746616913629463,0.391861574831425,0.60509326742464,0.378375575216593,0.109978957646412,0.0985067070643997
0.73771879771552,0.934364802800479,0.622432649011735,0.244453666127704,0.583140647728589,0.572288199969494,0.94780041930955,0.622562358742882
0.884392723644954,0.87949909356865,0.469228349096853,0.9342699525086,0.00500154763552024,0.583711389071342,0.0705558318512897,0.770031783474793
0.781836999147574,0.697532607266142,0.423225873812957,0.173292499587045,0.495884540997219,0.787573926416915,0.0798992163933157,0.0331273954948634
0.275340273527925,0.441460939201032,0.806296655992496,0.6446307108443,0.473114534705911,0.107946634486982,0.835348300553654,0.670891055031438
0.611486162904467,0.803571382667583,0.0631018520252858,0.150791143015578,0.929527335998128,0.701326168265538,0.111407938517399,0.438195291727785
0.0498520571138419,0.846056626198326,0.0683428339942459,0.167609022602103,0.183602364199054,0.862647346890868,0.000157343693252638,0.757767113367341
0.719455258910827,0.176112035188797,0.948328820385411,0.868702705818896,0.580976245842424,0.248089375148815,0.0125974715289019,0.363845825248396
0.346980102359406,0.35021563043322,0.560214809316752,0.207341763669412,0.000721578720166246,0.79189996227695,0.601798848851075,0.206314731782988
0.665203492165069,0.545932239142598,0.994497112504113,0.963152169416974,0.765726159492466,0.466576681532208,0.975485975366684,0.905354084220114
0.329990878117883,0.175399810037415,0.186650748890347,0.374381140331153,0.571472777656941,0.15953670264838,0.121568271745745,0.083067767818507
0.233742318684944,0.455314298703133,0.951759441744692,0.00458178500161449,0.268563259382615,0.795679981445527,0.0893476222281456,0.556574622556111
0.640163144540676,0.171571694863597,0.625940952650093,0.859399215792494,0.224998303864074,0.966512442382806,0.689295631715346,0.257094417223706
0.00145044330330153,0.574031716640491,0.43277283931341,0.843801391879909,0.0936771479686015,0.204057985092269,0.222310187821575,0.709374322245336
0.728496115043045,0.773387456914951,0.118536006825908,0.579298243478826,0.485274475235356,0.0512595047577915,0.249782826286336,0.609956550232234
0.720043000221061,0.642593026650154,0.282095022825922,0.496271688344347,0.141758590529122,0.102689578474991,0.183721642499803,0.461988831253125
0.564853303354581,0.04309539527092,0.0547472365242884,0.0962392948602504,0.714561377170144,0.82263687024911,0.929588139901968,0.779866092528471
0.991041124528778,0.672118050037413,0.0230623317186414,0.386039042266544,0.047454858366724,0.359746654462755,0.457908038542448,0.339908386197479
0.389762368189715,0.651241753720882,0.593027747277464,0.569131335101694,0.0106417962177394,0.578064935975368,0.484853687364737,0.144997563856537
0.84689905830593,0.038220032019961,0.938267387452976,0.971620409750677,0.786646356158859,0.137515071802838,0.192302226891749,0.611511937110363
0.954600284255847,0.753511453962773,0.690364554787157,0.465257523470737,0.803477704938691,0.516934485908851,0.953364050585888,0.291275050486905
0.200585156792145,0.0278074584129217,0.0427832308358312,0.813226750963469,0.179034239415045,0.952337116508279,0.833963562267798,0.012279231017225
0.279516082772697,0.893573007477771,0.860863573005734,0.897598981410032,0.741035030611404,0.910635409645834,0.179159880753229,0.980151021988943
0.197017463120269,0.693074409238883,0.044986093696493,0.822334998267085,0.301186821672616,0.396965713127923,0.220625897544226,0.0941137051414178
0.926893339494184,0.0783791828813094,0.810270011499807,0.519294308344555,0.938261784845899,0.439180459603575,0.821706049153142,0.245976937506194
0.659118611562914,0.310718415943486,0.320655654371142,0.779135422043818,0.882250304961264,0.295709794071335,0.539511645390807,0.0881407010367148
0.356663406692137,0.124882900468687,0.871422832944809,0.0233244015279215,0.207270568930884,0.0935091061906614,0.327597302022082,0.983447458472899
0.490131792926424,0.22664057491418,0.528188300792695,0.355701406023039,0.498830480157768,0.418602264114076,0.0674690562554695,0.149811874917566
0.500695518851362,0.975346966549852,0.483881087043573,0.221544169817921,0.678389096613768,0.289163325625922,0.766735144345654,0.678366508587636
0.385665592985886,0.973092009523693,0.464943003344733,0.650756460741171,0.750505541194375,0.987695363809425,0.973398610233835,0.110725254066964
0.45151990781148,0.794669182216249,0.356983516672415,0.334440379068205,0.837593287386587,0.424373233177067,0.0232382128948507,0.706857508349867
0.895229341445034,0.92335215560596,0.415024066129945,0.209534452433036,0.425631598817705,0.375807859861779,0.204799520803765,0.909998428008949
0.323358658090649,0.667262141735427,0.408300546772251,0.873952857071557,0.853507469628041,0.366253435646738,0.169546525311957,0.721402859754027
0.694844533720937,0.634611487500325,0.572232426094814,0.740821512447723,0.60625377653586,0.152969065711749,0.208893538270929,0.248240882301605
0.788025597343647,0.479220696272993,0.0901370586080724,0.331689771879151,0.217134211607706,0.399672582719328,0.323352056018041,0.225121162590807
0.971463109609366,0.993144676356146,0.411699021235048,0.949734430906244,0.143407870876569,0.522508316734,0.884568412944123,0.705541422834225
0.536843851199646,0.709556262462522,0.88993747494971,0.616795577029733,0.147131799519425,0.251139526294629,0.543650552725074,0.78253686422724
0.411415739006241,0.382495024700812,0.513608151644623,0.45655805764623,0.730824936688754,0.675684611773607,0.616195719987894,0.411671589738529
0.828163320329918,0.0604501736065536,0.906726052851365,0.210530664113858,0.45857010292141,0.639829983906099,0.607879458987262,0.806868690686327
0.173771227247888,0.721128447461738,0.172498326502811,0.198231413717953,0.325643831705504,0.740272104373113,0.498398359035426,0.0366892556181678
0.483051274130454,0.493857101374591,0.303382331610076,0.0103044798883604,0.794220372288141,0.218445725361827,0.0619804937675897,0.197918077604942
0.17640170513007,0.510671035298708,0.827148655001644,0.841449568444171,0.681291086262037,0.485465968923714,0.203856730688463,0.287668307721738
0.230348339923127,0.805137490781029,0.778745264599216,0.287014387033028,0.0341972134885548,0.297430699068861,0.411292506531011,0.963705135041949
0.465252192554384,0.828143418794936,0.924752437469342,0.417259053599353,0.744853318256655,0.664786025186014,0.589190051459229,0.162573269671593
0.497416797014641,0.946507110469224,0.214823696726982,0.7384701175853,0.699097089502534,0.985905354621776,0.451125660626287,0.356276023033544
0.975250875444761,0.473280283868759,0.375385056264437,0.848390870707445,0.647042524167366,0.806328896927335,0.497625407345233,0.333042672386973
0.626026540293503,0.169247081312415,0.671349456278056,0.476829201300163,0.45652663200745,0.362062389642216,0.941892737470758,0.829023994740636
0.967133394370363,0.165693212519993,0.934111206862404,0.730640267662303,0.198827747520479,0.446499802094278,0.486140040206439,0.154966403347329
0.750369132370014,0.584671693996275,0.448264247806159,0.891550586915108,0.62854660529846,0.562151533050334,0.226795304025695,0.515289973909414
0.901871480895214,0.979642290314492,0.590733726408521,0.657576036499593,0.165215340694105,0.697785996432397,0.278098662152773,0.385606353401531
0.0251444882915078,0.930234804016007,0.668886979138433,0.98662805881178,0.378227686177028,0.810181653983619,0.00891533351636032,0.949359326566518
0.917960109322127,0.527975681164144,0.789260466086875,0.182219920301066,0.160079459017558,0.382360838577931,0.858065940229738,0.960430586651747
0.261236956235888,0.263884822664148,0.864937623898175,0.649493757705138,0.050843968113965,0.728712777954693,0.951676297935837,0.995877420206338
0.167172050418247,0.212460499449496,0.460609141586333,0.706308261027723,0.645350526031556,0.244002327871305,0.527999183677874,0.372798442544356
0.960880365451035,0.759907445157477,0.688529087969685,0.177748079500087,0.0659155098606343,0.1235704233025,0.696275671256842,0.376490119039614
0.478233152034368,0.202247355245084,0.768714561225831,0.160722600459968,0.553206882994241,0.00801852871761383,0.315360886993286,0.6564591070547
0.0870268912914323,0.442462398742404,0.472458562424038,0.154102862673738,0.956539641040411,0.0339549366080351,0.157609673776468,0.113524584795978
0.860471879623699,0.345804711979532,0.597550804379266,0.110423861117596,0.110786055773405,0.323209562359931,0.240001276487611,0.432610143229342
0.0266583289356658,0.423108885337476,0.665136339964835,0.920779775599952,0.544562020856214,0.824873949709343,0.583579186873874,0.115344689214063
0.88838262914913,0.792838700098665,0.177438890709456,0.852858335200429,0.1334980089554,0.426872230159802,0.765454847241465,0.496145839716108
0.796015244088066,0.0247862181036939,0.280350195572222,0.363988629228045,0.113893323944175,0.133061110671772,0.172103156138579,0.906985300908095
0.394340777947834,0.223586789758348,0.516864687980607,0.108793548524413,0.752481890396223,0.281112875325954,0.225969016146567,0.687508242016601
0.633585307973231,0.895692915904057,0.208444568849704,0.337503580901492,0.906428136950934,0.115596856844357,0.46422567501626,0.521795960039719
0.348249577694522,0.832988174015945,0.467194940588094,0.0833834678186213,0.273830732896329,0.859607646734433,0.662691819847458,0.602446583760452
0.237734910242201,0.821032449118184,0.802628853566664,0.102593619274769,0.540467696735972,0.4322955382019,0.242090724514742,0.102205710238661
0.845225892478148,0.139754108116278,0.652339607099039,0.743011757369004,0.0184402973902358,0.0906177221701563,0.0732344756425909,0.12495739103351
0.0917289379684593,0.283400174272617,0.262378156662423,0.430065554789539,0.296416600585091,0.945242287076819,0.366799655774667,0.431112787505191
0.896056964196751,0.725727775141546,0.0123136611787364,0.56389693360745,0.918371041984061,0.971619499766046,0.135494091968072,0.702603096742031
0.647846214664758,0.591895005641775,0.603303254947961,0.272145662405147,0.576815881785728,0.237488750235844,0.490798978394762,0.698083910977858
0.190454628480341,0.573231351231441,0.654122421872731,0.745467381242951,0.565000974016661,0.861406131979223,0.0915937474171118,0.590762152742976
0.602454893947924,0.900520805491861,0.42185471667083,0.878111641483822,0.862839394773468,0.886208388895696,0.750632642759303,0.743918540077441
0.989369842908648,0.486688243430822,0.87961701368734,0.18871215517525,0.801750685247835,0.642018079545992,0.377696555148075,0.564441377156643
0.343182261362792,0.780083629962898,0.490901384904496,0.413052862406596,0.144418038682826,0.453832011118731,0.789339371453858,0.396805266308657
0.470894836541324,0.788989476575732,0.487053863949037,0.418424789276317,0.0534649060565281,0.727305917329382,0.510452198979328,0.993062312421276
0.51513005535838,0.640728208069666,0.905848062972502,0.567983511423068,0.874439276048827,0.287823022033497,0.597314931962783,0.585526328291885
0.0577641524639026,0.58930796588218,0.327944661702972,0.187704953892986,0.396266763220157,0.534738724617371,0.295873545625939,0.929044204826345
0.562470593733913,0.271507774845027,0.293896697210952,0.436628555091031,0.152384314847074,0.315496321235125,0.158541392202674,0.874494569606224
0.468676335269992,0.964097562803194,0.857211413276728,0.00691976564449282,0.221317414525,0.569148205462095,0.230804240505329,0.0613085766348178
0.202281012572719,0.919669209473082,0.840055439068671,0.916908593837617,0.303566578025721,0.744981755262824,0.709914368257868,0.292189662210563
0.118131069562808,0.638945022132816,0.817284136035319,0.453034444212681,0.705787383693594,0.327443070995235,0.260414484509386,0.034692949503752
0.133060337142094,0.160006070676287,0.568940393477088,0.75778153028321,0.31039313137124,0.16492343111039,0.0984050168376,0.140947657867657
0.944352215881349,0.166181363452385,0.986491243931672,0.124867121574108,0.0209755778567528,0.670394962030111,0.710159253444776,0.736834900203975
0.561821324204277,0.302696360960693,0.255277616070739,0.0953041293964065,0.791105306153835,0.305755455280569,0.194875520296319,0.408811561311581
0.0954007360065128,0.621737104946982,0.731568722604979,0.790353812107367,0.998830523644969,0.538499059270818,0.373726891873466,0.68271866979163
0.811841597815956,0.258551244834937,0.323970800700793,0.925048318074472,0.989374999662842,0.641040182946654,0.567327642762131,0.0597415472028342
0.48530167200405,0.278733359109857,0.016656486549627,0.238040793626615,0.589591792348345,0.710002253017845,0.0968510952330371,0.651436802802127
0.902381536656722,0.886404953966627,0.285633184109283,0.48187469265523,0.560724512245881,0.92706597359848,0.56956697162213,0.392298568244923
0.210599514947907,0.980503638109836,0.990927425878857,0.217559886402357,0.353029023828689,0.0769177819812843,0.544496115033728,0.445623237120342
0.454048987668807,0.843931576019649,0.39347411201106,0.126860055716517,0.871794683785788,0.527823462663788,0.646634235070304,0.793366544556279
0.674148677188379,0.474994418485198,0.993345979579708,0.09941135092977,0.783873254827791,0.612060206806787,0.164957770351836,0.304447468687954
0.887812136083235,0.865248242019629,0.260043885287939,0.991300426517936,0.264555803280343,0.766755264760561,0.284722353241243,0.390938374731499
0.48172961390756,0.69821354492271,0.629601101867743,0.468995414350408,0.429515263989254,0.167100462156586,0.8261055249062,0.879282551213855
0.0898837510949957,0.955634288613593,0.68239501608684,0.252196961225331,0.0625961593674075,0.564179920485604,0.461948238713573,0.902190172636199
0.660773287576616,0.239768358195647,0.685085056028317,0.751016936069538,0.00690603011055365,0.724187138292436,0.139282084950397,0.781872406947879
0.100339495106803,0.927195295127734,0.71085508136659,0.399890259756458,0.816461492508657,0.0217470290053451,0.289080776551641,0.312456066686909
0.0608112419219554,0.742637515012369,0.113628344273459,0.61364683148878,0.0945417679966774,0.735485767400848,0.693482894707333,0.0155057426735453
0.983280812075364,0.646499224542858,0.151761250198192,0.789181607722281,0.462878438732364,0.344793248911806,0.531312387362826,0.180279324063912
0.248055528499282,0.20856458295787,0.56547859155853,0.728699363952093,0.807462501712525,0.965623719324399,0.400200533988921,0.271327203153858
0.80147394660411,0.810534173751083,0.522763998498401,0.951023034563294,0.623307328533636,0.621468565771642,0.382284410865554,0.468162495656195
0.142054650337402,0.43336900849306,0.615005982237479,0.770125996691875,0.60047189708117,0.405652370736439,0.906840964214739,0.379258859050972
0.768898771774572,0.392658986242162,0.90802358998454,0.184201324744933,0.634879192937771,0.330982978634519,0.673933651085224,0.0221592246808806
0.549109336154004,0.467771861727513,0.377713867275111,0.534679810883805,0.789769939752294,0.0347468308976926,0.479454646200067,0.997259833698707
0.252203115815268,0.246101579501959,0.447292008761586,0.306337236077683,0.408810582012659,0.169170871888501,0.0104920617199737,0.087580745984975
0.416995265012408,0.565043635011104,0.792942216745701,0.870274439957475,0.0551669729766108,0.377812222840919,0.254442384720827,0.834796312789858
0.168162168942459,0.968809271595772,0.304629872391095,0.685292738829393,0.2191431595223,0.209300369041755,0.690631937845351,0.945549567369755
0.46013457563988,0.872799042000568,0.578968350600811,0.711208489576992,0.885750482706576,0.112941737226809,0.53230696283307,0.841374050364178
0.431770105159501,0.961207474429812,0.825818511550246,0.137876936019257,0.539319002006162,0.416015187655876,0.436708219819626,0.177518431324752
0.318524398586892,0.495830043986789,0.0820822144418556,0.626846849504558,0.195273307760036,0.989788782326429,0.792496506113211,0.201708429482593
0.93667635418312,0.491476989310968,0.567107417834796,0.372531163490021,0.0747922572377891,0.558738911425304,0.256627552366553,0.355248715929625
0.262468381169893,0.529469875109521,0.781345818513034,0.422178460993287,0.190652137725463,0.520791930584651,0.259960373919398,0.664744683337713
0.995738732503894,0.838992220606838,0.0519274600061118,0.205003414791571,0.973569809180466,0.268450790201018,0.525525981502494,0.930455049052642
0.0620410700992509,0.831574138289927,0.316973353687561,0.825316720728289,0.369698593213795,0.575062378821433,0.995342864815765,0.153038510804126
0.862656467746407,0.117291960301076,0.0523893813203021,0.947490370180773,0.685753650859387,0.283707767892586,0.75929791412359,0.937895725327365
0.586245950060683,0.233610422815625,0.276128027563934,0.912280851186481,0.129485130669688,0.0415655570605703,0.147949107906871,0.814235905108236
0.589891764687629,0.320981194067354,0.315030505395695,0.622885665240341,0.593930374963816,0.464257129036458,0.649223125837362,0.191253736827037
0.405017260160483,0.718622416569706,0.485060300287776,0.444065115226031,0.230299636393257,0.732115358594083,0.769618736194323,0.559140956674654
0.493024057760859,0.66509469139053,0.706311385991492,0.00814303211440754,0.738544955454584,0.737785752001652,0.359155062501337,0.04158691093492
0.502836391726457,0.304068083014951,0.419757506660641,0.0591767664031645,0.305174141118523,0.598993639806293,0.317380715182286,0.978580507861905
0.792176745698263,0.360476303658163,0.527697473545148,0.56184933312005,0.2797078819232,0.355390380243908,0.236729629128183,0.252929950243137
0.440492691783454,0.309973280541518,0.130670860467255,0.506056585626753,0.888904632862168,0.0444480277606646,0.177657371849186,0.886446246440849
0.598228152472048,0.456196635684813,0.640365229117032,0.0172548242113499,0.320385143478657,0.590544759119893,0.027789803715656,0.631710984880448
0.617650827014478,0.860972107946502,0.442373380830641,0.489788934475099,0.131273381543826,0.24146391348676,0.131393441168277,0.40746881397861
0.533852100513788,0.956745774450502,0.85225496801713,0.0355072472007492,0.481053408288668,0.27646300586733,0.843367778567877,0.428965544148684
0.413461431963347,0.538559711603972,0.961177551558224,0.782226295842785,0.21110249280861,0.532317221089676,0.155928491875673,0.147215381602929
0.677574593536888,0.945950724895927,0.249767447680023,0.454612652068262,0.9125754386055,0.313194532259457,0.989478466187667,0.0197382483498757
0.429342651943335,0.824660390612106,0.741948073664473,0.965520083864962,0.40238370361314,0.812119247219841,0.197333788585264,0.0477817785404402
0.258678356191955,0.248476967208479,0.97371947026125,0.590250141305645,0.443557250412198,0.79396885998813,0.540065686597226,0.157763922507427
0.755039675234468,0.327746685928175,0.666646142375543,0.880545199438014,0.0794022766395576,0.226771836343396,0.233140852023181,0.98610623097515
0.221576762682685,0.156631727893064,0.582317273290528,0.594549067401259,0.968039382291374,0.335682485120267,0.522542610980105,0.185345372658675
0.340337738532131,0.962582530288339,0.478791312654591,0.498685666039622,0.434591678026232,0.231237621059098,0.449616964725701,0.715924784849068
0.361558183081946,0.412549029944528,0.13365949340021,0.620589841172049,0.175198719424732,0.489150459402385,0.00352795359215455,0.229203624152988
0.458553413049187,0.854334946511137,0.480864302197064,0.941991049654868,0.0572461314361033,0.440637651008323,0.198826987478478,0.272031350147099
0.826676974554717,0.916799283948588,0.660310370216553,0.0143296838887095,0.761336008087954,0.921227505608109,0.786721985381985,0.489507240405498
0.787548028590037,0.774048759299927,0.431224724339861,0.28875663851082,0.00853339953856356,0.815492047712065,0.3291441325919,0.00399005522939258
0.64451632386923,0.336188969666478,0.368771328324302,0.0914111099719933,0.200915077809942,0.648462201069968,0.362717034730332,0.0306599119679968
0.268215557434556,0.0478784996305539,0.206977118326865,0.692884113572175,0.662894329009711,0.481635719032874,0.712222250897855,0.567464682597044
0.366556899543521,0.754494397139094,0.199155861394624,0.647777399242009,0.461724395119238,0.272002956475581,0.626690174480836,0.882868241547502
0.473177935774195,0.578990265324117,0.211799402037859,0.11355530035697,0.784631244436501,0.90735751256668,0.433239173016573,0.210481814834707
0.692568894844694,0.541638654833194,0.120448383696184,0.690928847731107,0.167424253688263,0.689758685759764,0.837391940653764,0.975662671013776
0.504116834541405,0.669957708676524,0.60947778594091,0.128801223635372,0.826159926687445,0.746445710907454,0.729406651288544,0.506111524158714
0.364129184497358,0.612055130478927,0.965888358115638,0.66022708658002,0.289752565132028,0.180075490933879,0.984227142959453,0.641130076542834
0.79886671155987,0.731870086056287,0.975275232387124,0.181698843185904,0.566486253324298,0.847215214519522,0.923699274182186,0.205895421824148
0.185929316264107,0.712629226722046,0.87759053001473,0.310009419798213,0.977112664776624,0.718648777680534,0.642190106104584,0.0651946795607615
0.235879558680651,0.322169511823577,0.718632251270674,0.351550237466923,0.846223668236284,0.757406282682269,0.980968621726901,0.456273892535571
0.83962302594762,0.236534257888194,0.743757227796361,0.844086858833931,0.670301399828472,0.775541496449178,0.503326158876988,0.299899616110811
0.449247713759223,0.220321430588149,0.833006978434004,0.225666428049383,0.632700862873727,0.546318648778407,0.621901081749929,0.527901938615302
0.930862650401682,0.936398130844899,0.272692235518568,0.814671344593217,0.748053598197827,0.0392203147597528,0.390320660555106,0.607382848530772
0.762661935784518,0.445787798812339,0.336937260154878,0.593330010774449,0.754272062401848,0.454755241264428,0.838161271096715,0.297116011022384
0.816190028217513,0.748570051288374,0.966090253886944,0.608973524375512,0.345053390399348,0.722369928033522,0.434118453387522,0.331162864036405
0.276441140278813,0.414046378802146,0.348577098605858,0.687078120551643,0.0261865755840565,0.820085958397952,0.273395272024579,0.0010900113482015
0.396227782881564,0.695817770877647,0.83630225523757,0.178677972647009,0.525349468919115,0.451008662987529,0.263274095346591,0.055617799864743
0.922691907343243,0.656340617000463,0.83907085728912,0.485746554434125,0.232726312711796,0.0723124699456736,0.803384234428736,0.965917522612439
0.467747371450974,0.905440389605591,0.45833616607634,0.366912611465928,0.354128587257516,0.712911553067868,0.747208470774084,0.198743089582237
0.273996787346232,0.727901777578724,0.932895927283686,0.139735169979528,0.40119186737109,0.842796198207676,0.455691566335121,0.680407321424047
0.717652112944844,0.294911557676986,0.171272819993062,0.265163028658,0.610228527601195,0.949112752150874,0.37567310840262,0.662880329355528
0.570732275128924,0.880410205210766,0.00464595388883633,0.76274148327257,0.832765939697646,0.104636137947198,0.908294095394595,0.38858826678768
0.522363925910902,0.266918137006445,0.828468672464135,0.624978387308228,0.867819505998007,0.934654341507663,0.772460506429868,0.761543265869733
0.363101804409973,0.913580646573717,0.365075396776938,0.340130444685755,0.952560759542677,0.760162200063086,0.307017229111101,0.277852068416313
0.00438214765568952,0.987400151099097,0.136766226748081,0.356774986837413,0.899746678621781,0.2747740000434,0.27000168508496,0.217203198896045
0.291942591853833,0.452809242252294,0.54560943644048,0.494009383127925,0.122293603344013,0.551534474676637,0.509184823398495,0.785368761221493
0.83792994205588,0.840645340352943,0.216647032293238,0.376079302932754,0.667898229514611,0.721713191288227,0.188530097154452,0.863495555609718
0.321233014845806,0.316806458055064,0.633606904856603,0.74874317459578,0.615276322580799,0.34965368830702,0.492206932880119,0.303736997032184
0.935386516637684,0.0713698509492589,0.426867594753088,0.521510156315183,0.0662534395691553,0.776494008118169,0.955007688177536,0.83089799258256
0.649360536599948,0.996239523631053,0.428098047903333,0.0691356421767919,0.732969484587143,0.947849088667065,0.548848427975957,0.491366969072077
0.0135389400952695,0.250063625532816,0.680075284647426,0.983163496622429,0.308825933799093,0.883852050691344,0.614527298154854,0.335392221262799
0.71422785180473,0.602158994325505,0.914438256307008,0.088184671077791,0.348598464661355,0.997490062302936,0.902323628914427,0.134682636508637
0.387025425428756,0.921295551358655,0.620457171820183,0.409746287569837,0.126274037815351,0.197691738381466,0.46270629797757,0.283183124190962
0.999917842643988,0.24174922515943,0.347002196786421,0.758030957935308,0.249580424016505,0.141619109214355,0.333102828335894,0.629019642885118
0.224576143959596,0.343517814795198,0.687776524055992,0.72355157065769,0.38322946482322,0.356705901282816,0.781414220985093,0.0457957881647556
0.150712775954861,0.76103525562716,0.224169150380383,0.0125533765296599,0.980398617538654,0.0684235297938222,0.869820463242858,0.811810080334999
0.790091865366469,0.508164136123106,0.330289444470924,0.580285724962618,0.329007538951787,0.531983517156435,0.604561049380286,0.569515195190969
0.968676385997361,0.353444784532168,0.175610269541715,0.415418413971968,0.527801622931575,0.0660327029410557,0.7062255675,0.734586017198641
0.909436788657402,0.354732304983246,0.193241805665742,0.312079932496102,0.719209108302603,0.915984292191774,0.482716013233439,0.632383408912365
0.746442137794717,0.762818627103148,0.851600885566484,0.513220408010927,0.510204525371069,0.510376959761387,0.116949116413453,0.976545992621539
0.44585214265945,0.0951300305416221,0.180733586008598,0.99677648238251,0.271695053650526,0.131782496021404,0.517623732725971,0.989915604119536
0.0514206727554238,0.0623360772416101,0.21977803918387,0.954441274428382,0.438472875685527,0.576160095009172,0.577489254629306,0.691786730886554
0.957337355889046,0.959764731192298,0.736058216354021,0.817380021041405,0.630044236505017,0.087941574251542,0.546900628064208,0.106000516915666
0.155592916797293,0.89706666937406,0.84211336708703,0.968056189332897,0.963687249603903,0.816785380596809,0.58134597703817,0.816336683027725
0.138827575582607,0.373345371034383,0.334712271908183,0.346373132591964,0.916189335841978,0.290556835042007,0.311676388704527,0.716283946544225
0.704877968040912,0.0896038592660666,0.455142925494829,0.886098125503988,0.835290757280462,0.259843847899303,0.38817642276851,0.933527258989227
0.941990363766698,0.368382535822714,0.794327721054868,0.381155440976213,0.712617344677137,0.346551227302706,0.398326993254745,0.0760143250527389
0.72461817189648,0.678318406489598,0.937710783059704,0.19525979468296,0.135854845373696,0.324167052081374,0.304653988443391,0.753228019475678
0.57540617545318,0.906506005122733,0.453667571989178,0.250693055769875,0.627285376372656,0.678604355923971,0.0070795751916047,0.380691442630098
0.147000909456715,0.534418907288529,0.16617104560368,0.604236633931919,0.57828281213138,0.372225721163862,0.239892862731594,0.482277777299955
0.619193349959097,0.570137486369903,0.799037160134221,0.492369226149255,0.405100635625383,0.512795335105367,0.185906375441325,0.549175869785333
0.614747236353461,0.338399760219845,0.237201662662678,0.752803396560207,0.675790106835385,0.928046250788996,0.783481311369627,0.0928733975957186
0.842694680370437,0.296547633667127,0.0289600019033556,0.820997641381239,0.96496763654245,0.414382907995049,0.829694421008951,0.0629765546261991
0.899871173841607,0.00874342183138478,0.714165960766379,0.799165618316615,0.0611574175524909,0.400064517886426,0.32070825138425,0.533474543242997
0.120744715174493,0.419944055265883,0.344668083369429,0.35902035531226,0.260436462242528,0.507118436655401,0.403617934616999,0.0683470737840527
0.0830213260386654,0.933221706253813,0.0897998765398763,0.156156837714702,0.548169389173565,0.884599950689929,0.244441618794659,0.137101259040094
0.555976762964549,0.313675291870153,0.240142086831968,0.164937997932198,0.7266451359306,0.930781639755086,0.481549203381983,0.89322322220449
0.835988570021596,0.277410416923711,0.0575480639001425,0.370426069540772,0.222816677660906,0.445213540620439,0.959082829471826,0.280423583248943
0.0550258806065082,0.12066072096416,0.796343897526826,0.527812809568572,0.454996480183296,0.667734013754662,0.855479128039307,0.85128316078817
0.784399419523678,0.606239416556901,0.462150954755814,0.529798619989461,0.212277200143326,0.796701468633012,0.424467959548006,0.0278691766875312
0.0165872798004174,0.525860631242934,0.0663789535964785,0.451457929802997,0.979264827811145,0.318884239119257,0.752330185914497,0.525516896683396
0.301532017003684,0.929732722557377,0.976554306959386,0.100105146311501,0.284823494890487,0.653408151737278,0.0253958433304271,0.710880769174792
0.239189650031261,0.188890135185602,0.319714746522069,0.776048926081244,0.639881875187593,0.163901739542981,0.865188776609576,0.00780260608401326
0.976591648284042,0.822203375429359,0.212549266290614,0.538556147470959,0.364524171917102,0.232584395000484,0.948135671490016,0.776873534038744
0.103409659459726,0.385977874654363,0.594456792422482,0.93266632355299,0.375209231904971,0.185746019304517,0.033597262560321,0.423733144734248
0.708235993913951,0.769012307365281,0.784628454464464,0.588269947689338,0.371566478404757,0.390202488057473,0.468462861261902,0.202502320112721
0.79587292363533,0.201088776255911,0.650106653128395,0.229133717816699,0.519674821165316,0.25388888992634,0.846741445923889,0.65476927951603
0.35875263061007,0.876293358150248,0.220569912472063,0.713479104111858,0.322807620352117,0.437471960758754,0.0655041190091594,0.938514258271955
0.958806689493678,0.446708256658816,0.659509126909247,0.291146492480756,0.247724727660618,0.779844221411666,0.35122446399314,0.30166943838553
0.766419095644121,0.889384903571712,0.107629711387304,0.874293337111689,0.85998028976021,0.192136480024503,0.215487666806397,0.913629901543215
0.476800977887709,0.357884598783362,0.675478251547833,0.280399315323305,0.0723499237913214,0.0599853393601934,0.914206680024969,0.364133040473713
0.420305324311509,0.681752010715129,0.809842950242369,0.666215720933947,0.85762611099887,0.0637457161866512,0.785204293822723,0.523466621129225
0.0156829536073962,0.562116851650612,0.96993793208223,0.559724377258106,0.809841204404003,0.210001712568826,0.296258236072076,0.598258323413334
0.390094887367548,0.806258667019296,0.821032048204119,0.734451653959628,0.423818067895653,0.833354171046508,0.513788324383565,0.44075911321726
0.0406721273497169,0.153157488513489,0.873185741884493,0.515387982580524,0.722490977256089,0.93395718191059,0.774677846130682,0.121858166619462
0.830245797138341,0.155925379252182,0.555062662254511,0.233598882190636,0.702150460246093,0.317634018789781,0.34303105879227,0.638314121733266
0.0677648610449178,0.542443790646232,0.916744109384093,0.433159391844927,0.177782906177439,0.413551556741535,0.309785526247675,0.762537305365658
0.182484946789307,0.555357237482075,0.0954145964216052,0.285900293758663,0.97074251693559,0.4940884644063,0.87467827450933,0.510848668297248
0.985013009172484,0.862738557057996,0.0877890916583644,0.345431634902302,0.880347117839433,0.881736132153637,0.59186275366515,0.601975486777612
0.351542177052208,0.586583127476342,0.676934599745153,0.717820748120383,0.587822826617754,0.707300520687693,0.384562802888031,0.322396178438819
0.540980011878227,0.482221186185905,0.138170778607363,0.747917039188876,0.0259608114806774,0.498158664196485,0.0849015195737857,0.576083956520295
0.933709356822442,0.281135206490635,0.612777344943606,0.619385790582213,0.188201306141168,0.871208601191367,0.504031507020344,0.872446359270773
0.0378318221016701,0.366073318260553,0.980233228195762,0.0803390969094781,0.287034207830959,0.476244203476174,0.715880721455511,0.925329679253815
0.188997430897486,0.812906745610916,0.329354393668418,0.247978216198937,0.500371408043362,0.048800012038532,0.421066089571636,0.294522452915856
0.17805981488485,0.512627846630457,0.553552378750025,0.14829465915524,0.652145135463756,0.608952406862814,0.681913151585301,0.57201579207772
0.759735545233781,0.536979361444469,0.312540432074067,0.80731815956581,0.033723402079867,0.503815118859035,0.986066595263895,0.421610213171928
0.0340636945730479,0.735878688385797,0.355296570146397,0.809280288602556,0.361715021473565,0.942087360005072,0.171131733376862,0.553627364611333
0.4984016766061,0.645357526707817,0.611249133851095,0.695210374931357,0.554252559577339,0.00492461932072173,0.127787133900573,0.747098613043101
0.726042991205558,0.991320100735179,0.863415557346662,0.438659027975746,0.337380579598251,0.972377934232932,0.938838696343114,0.579941662430324
0.740167497221066,0.67686082683504,0.22932738014427,0.369722879419843,0.245657815250596,0.848915812270874,0.757887484982075,0.415354274231688
0.30894175636872,0.581556454560532,0.39433055014255,0.133216047236162,0.536317787822553,0.788600673323512,0.704218550450135,0.921346030706929
0.212056664498715,0.746968214208241,0.222138075157347,0.105364294066557,0.757065839733243,0.784027451419974,0.863450689161195,0.17285691140183
0.509471401050497,0.556209149367131,0.456679209602549,0.196348444679004,0.936929214309956,0.171819738529562,0.641054115646764,0.139184536870995
0.0289833528171199,0.783559579072695,0.500399115270517,0.923784502359713,0.804027500974245,0.278101238557714,0.300567402376237,0.582666088467792
0.439027140567848,0.925106618288504,0.753420381567179,0.784122677234363,0.915777015385311,0.939902681301533,0.0429011862759998,0.823142330341644
0.585006563641689,0.767026133727743,0.15803976374312,0.847175093556535,0.556725804947735,0.238100709603808,0.891593880500253,0.382111143426057
0.0793551495815882,0.244380573468251,0.880130678279713,0.992443030736641,0.951737693012962,0.86561377698828,0.049016345648752,0.481026411387583
0.668610723360956,0.95000709516613,0.963494221846758,0.765131221326575,0.038194909567489,0.487596733383956,0.518671551372429,0.278512691488746
0.87944641648281,0.853166643738107,0.944595971823754,0.0636218363031943,0.672161431631748,0.117323632738075,0.667766243971032,0.21967803621823
0.0430715787320284,0.569891997777677,0.417545591699796,0.033841350111384,0.608889538928577,0.627953635480774,0.755558784937038,0.563400480080412
0.0766188660109837,0.132214239923516,0.776594801629675,0.810180072412452,0.203346399898796,0.751271167686093,0.361122379525532,0.804539585433735
0.381597680540117,0.732188536368572,0.831255223919999,0.709275406093402,0.656173862157121,0.589023076121865,0.74861864985793,0.442503738754161
0.198922749475548,0.561751036354819,0.750471285162421,0.926242921354118,0.893132060803382,0.691646866896007,0.555093074591104,0.49207385188336
0.0692306156510397,0.745578033525115,0.404842366745168,0.832950652237448,0.068433324941947,0.874338143589527,0.190134959673147,0.669876303548656
0.332407948117136,0.0449217250731484,0.367306757013115,0.601157847804935,0.943535950514741,0.501950115192778,0.114454130560207,0.744337859677855
0.855676258937557,0.416984077851127,0.978704209342735,0.780221995991403,0.603505325378508,0.262665331913766,0.67597958448033,0.502781166401079
0.590668074076547,0.88489880676905,0.800419789606835,0.865237383304566,0.313877667267752,0.998544514036152,0.136147016110979,0.627250792768013
0.427366117066544,0.867962484878935,0.0735713630588576,0.411267365510308,0.532930746968087,0.497884931551195,0.813793927989914,0.0903438914548048
0.513328331866349,0.940487643477308,0.644071566307746,0.141562874967402,0.0810256885469663,0.852785694132089,0.187181704946899,0.215432373235903
0.371007589256372,0.319118508530287,0.78763113189018,0.472227635314247,0.240400039851594,0.765982329097782,0.573865187069046,0.47781444298876
0.124773272809966,0.0832997368670105,0.724623090595132,0.223204373305995,0.342645628803397,0.518697847894599,0.654546810285261,0.620824867087438
0.545409227712724,0.476232259978166,0.510244310539428,0.143715668708276,0.854604752756524,0.97711713598461,0.73411076287704,0.868498887133428
0.409905610164035,0.0840802658505613,0.746079035602581,0.0843681061694264,0.1012883307545,0.0527790380319769,0.886657563477773,0.193501285875944
0.594398447239348,0.858839792991367,0.551103903701647,0.533081371156348,0.688888854565682,0.0996940798457781,0.575074272943751,0.689214895108516
0.355600660518597,0.0969760213029964,0.762679678842343,0.385481723550683,0.266937972943888,0.769708296519606,0.945690749916601,0.53886541307994
0.20712405107415,0.629370266209394,0.607644182040025,0.174592765952982,0.125231587407322,0.0820482653403925,0.0558449758092326,0.934053788547962
0.00923229842796795,0.325351471726223,0.804859593453158,0.805120766020518,0.798497498205829,0.650540386434526,0.979085137016753,0.574145782939396
0.128920164042644,0.293855722118424,0.538249270336165,0.0019482347124371,0.706640334120711,0.475958785460039,0.895200204584971,0.946406663998697
0.547210577355482,0.845131030167685,0.253622074754682,0.543356638653404,0.710817809148668,0.483355581758442,0.0402116042860057,0.877594027493366
0.159137299027508,0.546812481183455,0.886958732905895,0.29314180191079,0.0898565541208876,0.411260349705657,0.698918601411562,0.368906446182865
0.435679664401958,0.471308993983171,0.847174189979668,0.309455078824226,0.661699550177247,0.595593945087937,0.935485850874978,0.453545199718853
0.911559753625515,0.625005977573727,0.571218480718863,0.677679755324159,0.417357230238211,0.783016668630175,0.207000567350748,0.238632840393161
0.813945702141819,0.235179122634392,0.0490782755371738,0.486417144696082,0.0862536948548195,0.0976982270302499,0.133541023270368,0.486275336752871
0.980935032149584,0.0934437704347987,0.504316145086131,0.638904596791802,0.568420288398341,0.460311131243363,0.653666195367861,0.832992121548039
0.850567181197588,0.358312970069868,0.739788996334052,0.403379098006276,0.772653169742004,0.100940320655728,0.0173649899165066,0.17504033494362
0.223993711039869,0.503898313239754,0.892832371303466,0.282209364112954,0.14919959638404,0.118805704307501,0.352793058434143,0.917789152884309
0.331247356532462,0.136534498337195,0.0811647228203256,0.159267485280714,0.860092493881507,0.307372838317932,0.937056427158167,0.860331169228019
0.833552391536489,0.114099096185699,0.519428243947794,0.553341955145101,0.97429518475126,0.0813147246776257,0.0744482222846047,0.0526461651380955
0.0721450211792243,0.851351643974866,0.0102942373751655,0.556770485886996,0.0912219618632959,0.917081843843554,0.578357731424082,0.943849310472486
0.783270842250106,0.242268633538918,0.203354084893296,0.587607902705731,0.376639031294692,0.683867661270043,0.883437701048442,0.967580953690008
0.698234884458237,0.307364064416702,0.387905317580307,0.491345607044092,0.71706544386433,0.597410434303855,0.428685012205505,0.954540332410655
0.373793229901426,0.257515073818188,0.696526499225029,0.665645295489653,0.283698319827851,0.146621453005187,0.427755917412648,0.329657105827348
0.419953047932813,0.701527107917649,0.617947885201024,0.393083337489217,0.873519187204342,0.605707687398199,0.694485452793748,0.209400411234652
0.0719455462360403,0.0152886846089755,0.983988042635059,0.212398063613394,0.159563572297611,0.644042800793518,0.339955950219305,0.342242064651214
0.825679894404028,0.0036313545858369,0.403148794695321,0.0471291480959776,0.958835973978614,0.246019613712556,0.161076293455259,0.772428915646349
0.302712432349595,0.0648713932271617,0.129771376676499,0.903833939541893,0.505353604984912,0.151707247214721,0.467502995552206,0.865017171699584
0.892427033755938,0.268313323587683,0.869778531044119,0.0608364560885518,0.821946995632694,0.541156068181908,0.990555709095787,0.969855228169944
0.311282935986822,0.849102990413139,0.782799248125021,0.300891996034611,0.792793827919771,0.222617314948967,0.86629742481518,0.255050893899157
0.415095143787639,0.0749683106932339,0.845257653066517,0.0779284627414276,0.380907336941218,0.0707954430362911,0.275873377496428,0.824776209936361
0.853230023124286,0.89855880564711,0.819604476580231,0.11567050372394,0.252788777945209,0.0421886845145514,0.28066457441283,0.739013590866801
0.486205785805363,0.128562284203335,0.984911244421203,0.958158327707713,0.729026119353329,0.0656714692180475,0.556647574196916,0.3443475120439
0.516116242516865,0.659888691752076,0.34318880097921,0.573234728530975,0.796006416819608,0.469308330407529,0.731925787001029,0.473901396959599
0.663557872478007,0.193197345435804,0.250226816146454,0.856962789914965,0.255379827873671,0.55305013204573,0.44308729107101,0.97339452467274
0.282439336228744,0.298217625354333,0.189349462560297,0.635363940386276,0.693456989250669,0.869302524911746,0.635757363148157,0.0499836582693988
0.807093660976478,0.484897936062684,0.0192597321410355,0.774933971052811,0.5975896947919,0.264845888885888,0.631100663255543,0.658344931365044
0.99295676815826,0.00120089455030513,0.269118550725857,0.106636174347499,0.386278835921663,0.000878299620930853,0.870194938040671,0.404160321427486
0.730102133664411,0.036028198217926,0.26777831762875,0.425337499075491,0.625743229759537,0.554077188418724,0.283966676633208,0.400106041376748
0.921659693279078,0.874443107595471,0.910938914652098,0.979589294647074,0.414364810666184,0.635031490172964,0.392176799568796,0.991370199877126
0.700624560098201,0.0480976795990661,0.493721557081358,0.0386725173697598,0.694280844160567,0.341050554607919,0.881382730314459,0.504428907105699
0.623280057297024,0.576787927884913,0.998703260329545,0.14411033006344,0.109005211802519,0.456882234619895,0.212298078202654,0.642714974747017
0.913843216147696,0.331515531876215,0.0260848021289885,0.0437306073602506,0.162255184075045,0.840601215322681,0.143865341371412,0.108700634626398
0.735407398829752,0.902856655342523,0.882671495170978,0.231386074463557,0.520578842238307,0.0741998536218526,0.899511399132897,0.6197288614528
0.162494322623705,0.652568319737001,0.476408393133909,0.146512456858906,0.392740691613672,0.0614355050819417,0.805307728274708,0.0841959698158842
0.840430382897801,0.25288962597356,0.161152330694013,0.772804920065476,0.326736999327769,0.834594062332124,0.791108277939309,0.0243596373524861
0.978573530823818,0.401221927206858,0.631706815960043,0.0538954027471496,0.214156674270289,0.21675465282357,0.623747339487672,0.543523842945042
0.495802554418124,0.142589339084247,0.371033876542733,0.218774206487215,0.724033076183151,0.199426546398877,0.32495366545946,0.18370719154848
0.919153883945959,0.736442374806649,0.102340285996986,0.975506046738537,0.67666094819712,0.338182910437118,0.668311539501558,0.788404398576481
0.538171099678534,0.0293509420135284,0.373385946517116,0.271289122191773,0.823705383504415,0.010430148793266,0.776657151806775,0.126189950652629
0.689153042492338,0.982099773224523,0.642199511498428,0.397954118474084,0.157933179503027,0.35212697862307,0.912143425722362,0.774652063304963
0.673759417693616,0.489951699208026,0.156927341327385,0.074831317685037,0.769571609779751,0.82821650103638,0.395106742001594,0.4373030210456
0.9634533146658,0.655339385203849,0.701866498044525,0.215824687739006,0.0853305712427107,0.805328164237905,0.0936231447987594,0.318258718192297
0.702671585413111,0.521401614039415,0.507652396020408,0.834659757030664,0.478883267420563,0.360761797370011,0.771182128699373,0.398859747776363
0.722330102882533,0.436571839521436,0.475865248465452,0.632859460561278,0.173203935178892,0.851068939156361,0.175780579145548,0.895568995105378
0.289266246558806,0.4031761038954,0.556356368551042,0.754160366936298,0.613902676967437,0.471757317732155,0.795725761486161,0.653505175266197
0.870115715159795,0.214173975362029,0.619436761908963,0.153456223367766,0.150998528269784,0.202127641406752,0.71977362449549,0.809922087594941
0.123687087156897,0.300725113937152,0.270394037216406,0.984379807386978,0.927110884080901,0.800942662807393,0.228407681326334,0.867267207278977
0.402367692754474,0.633114975992541,0.50374914929429,0.697732272445143,0.701383985178043,0.408175757546582,0.562156023980265,0.898684239195366
0.752600991300708,0.711090807312012,0.859238285947628,0.893786315208517,0.934280668223557,0.0255232531768502,0.64512005870482,0.950534462823485
0.820712102268562,0.0162478988596538,0.673585527120041,0.248399908880826,0.812920629870138,0.333353954509977,0.889293134464177,0.635838247742445
0.524858089160172,0.349242542303236,0.525632122503306,0.631382691156287,0.0132913432065259,0.422715817028612,0.0204970948747453,0.387665845314666
0.997997499584022,0.374586337887656,0.744530888466282,0.447836877823241,0.317828416121238,0.49321993212332,0.593037166894325,0.940281357442516
0.642301933925048,0.111688085629583,0.0964820248954426,0.4000487455662,0.275186738663085,0.257894468750728,0.0828662790580276,0.232200959796359
0.108493206212936,0.158162078277653,0.470046666731078,0.901532086370039,0.11907129959349,0.462422181221001,0.357626511773652,0.750214828437593
0.68578307454468,0.439705528302096,0.722634367924791,0.837635450754238,0.839555268585466,0.434664433314877,0.797187924239523,0.897458191461734
0.600218378944563,0.195341716855413,0.898354755836145,0.582317739119674,0.98586094707008,0.958765659359649,0.587257509842868,0.478773797012968
0.383285842173011,0.363322244442381,0.101677700542732,0.803507897945655,0.482553987974697,0.607837138554991,0.153802478541997,0.358368345999839
0.0236988179104904,0.670165248583294,0.311855196196626,0.11981700678037,0.513573233257538,0.491466323462302,0.916141824639024,0.230498118784547
0.914419237296627,0.765515323582006,0.135044478646945,0.352022429071247,0.497405970132715,0.188797012444182,0.0564943567866082,0.243566313521787
0.240932800972167,0.328462158050134,0.509270123757131,0.577086293057078,0.318847993012819,0.662091806085379,0.345819632903709,0.269037525728409
0.097386194900606,0.0117535701567886,0.748694796230401,0.474875742893244,0.514477056875412,0.311530131535261,0.0193097177734542,0.500133250117311
0.557170963307386,0.15069929574083,0.646437246147946,0.123295671427847,0.186357478799324,0.717644412973748,0.29347146466483,0.19478455125407
0.446535440031172,0.261263078571796,0.598753062760871,0.629893696104002,0.48702800059652,0.909202482759059,0.211040604475539,0.637289668602087
0.535242179850945,0.420075413738334,0.191914480462797,0.671974107724208,0.229060163742932,0.29314917185802,0.799012612092114,0.142059367896707
0.891336125606688,0.285241973330665,0.438892363932011,0.602140420947304,0.412998982096296,0.270797097219826,0.0861584810956053,0.435396928925504
0.0756702956888362,0.450824290389113,0.956350985539244,0.459115082076844,0.23848413555447,0.08581690994304,0.219670624116444,0.75554698672134
0.0812474235780927,0.315149770927645,0.148950971539451,0.704596698089337,0.843413213858346,0.178095332699716,0.0763221558624217,0.285064573945406
0.214821305504419,0.127941044284821,0.546050927821466,0.202115438384367,0.0483718373552938,0.98162487669965,0.816466576896688,0.264601491608038
0.621312755655818,0.255465362225359,0.0409365245002259,0.915966956803048,0.192594202728941,0.658054389215712,0.618923378458955,0.765820263763264
0.327454888427412,0.507300249832012,0.200116510856536,0.989479819983163,0.903989624935065,0.385278552144669,0.331711818261117,0.49993726413908
0.111498636643639,0.786339104688787,0.520457699560921,0.945045996371413,0.735684602451861,0.190045507433556,0.656797410149362,0.956961956942075
0.572286597782501,0.989246249179262,0.440023120684478,0.320863786551553,0.136681931913228,0.637718307154126,0.932198475130687,0.470235905720294
0.436934547658693,0.662138344808846,0.93091564991076,0.0924820804706439,0.35028368660865,0.867494282504824,0.265535584052949,0.337789036219671
0.696691180484885,0.184930871653603,0.588610999241618,0.0194971664374701,0.507213006759917,0.9036330595227,0.40479412318452,0.73047930774753
0.635472269590403,0.122564830495031,0.397056031885232,0.733192713396603,0.138615988182062,0.617176945471077,0.200614786744405,0.594308115821266
0.946208909766582,0.553173249470866,0.059490494602555,0.90784534949667,0.534037843087962,0.687023054720537,0.857935413055235,0.605820490571443
0.568065250328816,0.0910208243372382,0.537649141842891,0.653596125835016,0.39816288110276,0.430412735762807,0.0473536732621733,0.593358288472263
0.107124971501107,0.816880265132775,0.530222470565449,0.274221030894886,0.366969183127746,0.134849693129392,0.476808241592467,0.685665494473325
0.442245396274758,0.808935953094558,0.890590687419461,0.200684066675557,0.558732630019646,0.587048585157055,0.252886958053141,0.596305118128596
0.312288267146627,0.770999091946005,0.709824006031002,0.980730463536958,0.841239661289721,0.992923879592609,0.381480800981654,0.72903065246917
0.711669718972586,0.757908860649061,0.580677633543347,0.429968549571447,0.829818446434671,0.329919652466638,0.163511723687822,0.644599850023786
0.217963020638321,0.740315956154933,0.848181224293033,0.637630815396155,0.743536940353418,0.543076904588747,0.61333760535022,0.970988080652049
0.161197663471135,0.230388707960393,0.104532122300036,0.929950204261634,0.155831806163198,0.320565087303547,0.584233075412689,0.495412420048634
0.243314055686165,0.801894749406566,0.543489953769812,0.65841075436093,0.594024323718702,0.0148052544306425,0.149078414804082,0.16474334910611
0.226497518419402,0.426215183670409,0.309673881897215,0.163397209878823,0.185076227974755,0.420057912662971,0.993903752229523,0.426729097467181
0.407744086895403,0.856497323392043,0.941494288878852,0.243027042993838,0.418468175892044,0.214674883665203,0.762747059403564,0.418463073608031
0.00207933662594456,0.130166570363942,0.43466994072629,0.943013720670021,0.0405054185050266,0.681696722829733,0.104128496577846,0.122720548777609
0.625593335670634,0.95391461499632,0.0250441587003778,0.523879482203708,0.825059936124382,0.371740610235915,0.0807349544627276,0.308609526008639
0.566963754013733,0.134976027324218,0.243024945662905,0.510571863572671,0.491103520851733,0.918179545299581,0.552572369634006,0.667673753379011
0.906603115459345,0.0308089729548569,0.729425518859068,0.575999125221051,0.9303924289313,0.388160358452048,0.337929012596481,0.0780724417540287
0.542455297309263,0.389927566278599,0.884668683121673,0.898564219104973,0.686800975917957,0.403722611907496,0.515083749152487,0.910676438230586
0.152671700814992,0.265813413792355,0.704975621363916,0.509078476443808,0.385146234949311,0.139901351750501,0.101421646673217,0.881528968039536
